669905.0 247205.0 1244962.0 700000.0
 1097038.8890   245552.7780
 1103961.1110   247133.3330
 1104677.7780   247205.5560
 1108586.1110   249238.8890
 1109713.8890   250111.1110
 1110072.2230   254475.0000
 1110088.8890   254683.3330
 1110572.2230   254950.0000
 1111041.6670   255622.2220
 1111397.2230   255802.7780
 1111058.3340   255972.2220
 1111327.7780   256047.2220
 1111758.3340   256147.2220
 1111175.0000   256311.1110
 1111691.6670   256788.8890
 1113236.1110   256933.3330
 1111930.5560   257072.2220
 1111608.3340   257072.2220
 1112180.5560   257211.1110
 1111311.1110   257263.8890
 1111591.6670   257544.4440
 1111902.7780   257630.5560
 1112927.7780   257738.8890
 1113563.8890   257902.7780
 1111841.6670   258100.0000
 1111969.4450   258219.4440
 1111600.0000   258402.7780
 1113325.0000   258458.3330
 1112933.3340   258550.0000
 1112083.3340   258572.2220
 1112936.1110   258627.7780
 1111619.4450   258647.2220
 1111875.0000   258702.7780
 1113608.3340   258780.5560
 1113058.3340   258822.2220
 1113552.7780   258872.2220
 1112997.2230   258897.2220
 1113594.4450   258913.8890
  939894.4450   259013.8890
 1112361.1110   259019.4440
 1111580.5560   259305.5560
 1113238.8890   259327.7780
 1112408.3340   259402.7780
 1113358.3340   259480.5560
 1113636.1110   259502.7780
 1113097.2230   259619.4440
 1113641.6670   259647.2220
 1112450.0000   259647.2220
 1097575.0000   259722.2220
 1113380.5560   259808.3330
 1112541.6670   259869.4440
 1113116.6670   259875.0000
 1112625.0000   260027.7780
 1113369.4450   260108.3330
 1113425.0000   260519.4440
 1112147.2230   260569.4440
 1112544.4450   260644.4440
  940105.5560   260713.8890
  942783.3340   260730.5560
 1097602.7780   260883.3330
  935297.2230   260919.4440
  932238.8890   261000.0000
  941966.6670   261005.5560
  943222.2230   261033.3330
 1113430.5560   261219.4440
 1112533.3340   261272.2220
  938558.3340   261322.2220
 1112730.5560   261400.0000
 1096916.6670   261416.6670
  935733.3340   261494.4440
  936630.5560   261586.1110
  934961.1110   261591.6670
 1113475.0000   261600.0000
 1112780.5560   261661.1110
  934350.0000   261700.0000
  933638.8890   261833.3330
  937908.3340   261902.7780
 1113900.0000   261916.6670
  933033.3340   261944.4440
 1113925.0000   262022.2220
  932569.4450   262030.5560
  931616.6670   262155.5560
 1096947.2230   262188.8890
  937288.8890   262255.5560
  939050.0000   262350.0000
 1113616.6670   262375.0000
 1112800.0000   262441.6670
  930055.5560   262466.6670
  937530.5560   262483.3330
  936619.4450   262563.8890
 1096772.2230   262613.8890
 1113794.4450   262825.0000
  931736.1110   262869.4440
  934938.8890   262930.5560
 1114075.0000   262936.1110
  935263.8890   262936.1110
  935583.3340   262983.3330
  933236.1110   263013.8890
 1113866.6670   263180.5560
 1096597.2230   263305.5560
 1097077.7780   263394.4440
 1114033.3340   263583.3330
  935152.7780   263727.7780
  926666.6670   263794.4440
 1114208.3340   263991.6670
  924711.1110   264047.2220
  936972.2230   264119.4440
 1100691.6670   264183.3330
  934730.5560   264422.2220
 1094641.6670   264486.1110
 1095383.3340   264516.6670
 1114136.1110   264611.1110
 1096850.0000   264669.4440
 1114200.0000   265250.0000
 1114380.5560   265266.6670
 1095369.4450   265625.0000
 1114330.5560   265661.1110
 1114344.4450   265863.8890
 1114477.7780   265886.1110
 1114294.4450   266155.5560
 1113611.1110   266233.3330
 1098616.6670   266250.0000
 1096141.6670   266402.7780
 1114105.5560   266450.0000
 1107702.7780   266636.1110
 1096063.8890   266669.4440
 1096713.8890   266744.4440
 1108188.8890   266841.6670
 1113663.8890   266908.3330
 1114500.0000   267052.7780
 1097405.5560   267088.8890
 1114330.5560   267150.0000
 1105355.5560   267372.2220
 1105527.7780   267538.8890
 1114127.7780   267600.0000
 1100480.5560   267613.8890
 1114283.3340   267750.0000
 1114508.3340   267777.7780
 1114200.0000   268000.0000
 1114044.4450   268172.2220
 1108211.1110   268197.2220
 1103933.3340   268327.7780
 1103902.7780   268416.6670
 1114330.5560   268794.4440
 1091963.8890   268833.3330
  922155.5560   269069.4440
 1094325.0000   269097.2220
 1091594.4450   269138.8890
 1094411.1110   269294.4440
 1113922.2230   269338.8890
 1094605.5560   269466.6670
 1094194.4450   269580.5560
 1095025.0000   269613.8890
 1093958.3340   269758.3330
 1110008.3340   270269.4440
 1092366.6670   270500.0000
 1090622.2230   270527.7780
 1091080.5560   270566.6670
 1113500.0000   270591.6670
 1090788.8890   270727.7780
 1090322.2230   270994.4440
 1090422.2230   271188.8890
 1090333.3340   271300.0000
 1112858.3340   271438.8890
 1112202.7780   271675.0000
 1089961.1110   271958.3330
 1112336.1110   271972.2220
 1096280.5560   272155.5560
 1112166.6670   272172.2220
 1112472.2230   272191.6670
 1089886.1110   272216.6670
  933427.7780   272266.6670
 1106566.6670   272436.1110
 1106725.0000   272516.6670
 1112566.6670   272541.6670
 1090058.3340   272836.1110
 1101236.1110   272927.7780
  928086.1110   273063.8890
 1090288.8890   273294.4440
 1089558.3340   273361.1110
  933633.3340   273602.7780
 1089172.2230   274097.2220
 1088275.0000   274122.2220
 1089063.8890   274241.6670
 1088961.1110   274250.0000
 1111608.3340   274463.8890
 1089402.7780   274472.2220
 1087825.0000   274666.6670
 1088002.7780   274688.8890
 1089450.0000   274691.6670
 1096905.5560   274930.5560
 1100455.5560   274952.7780
 1087775.0000   274972.2220
 1089116.6670   274986.1110
  919794.4450   275061.1110
 1088544.4450   275119.4440
  936308.3340   275155.5560
 1089141.6670   275211.1110
 1089588.8890   275213.8890
 1087530.5560   275308.3330
 1089252.7780   275355.5560
 1110841.6670   275427.7780
 1096750.0000   275469.4440
  936877.7780   275858.3330
 1099802.7780   275955.5560
  930788.8890   275986.1110
 1096625.0000   276380.5560
 1110891.6670   276383.3330
  937383.3340   276741.6670
 1110772.2230   276750.0000
 1091875.0000   277122.2220
 1111022.2230   277163.8890
 1090533.3340   277205.5560
 1099558.3340   277455.5560
 1110502.7780   277480.5560
 1087830.5560   277480.5560
 1096847.2230   277519.4440
  934172.2230   277519.4440
 1087488.8890   277547.2220
  932480.5560   277636.1110
 1108850.0000   277675.0000
 1087175.0000   277688.8890
  935783.3340   277813.8890
  938180.5560   277900.0000
 1095061.1110   277950.0000
 1086891.6670   277977.7780
  940905.5560   278002.7780
 1086752.7780   278083.3330
 1087083.3340   278138.8890
 1086658.3340   278158.3330
 1086575.0000   278258.3330
  944258.3340   278336.1110
 1109933.3340   278355.5560
 1087869.4450   278425.0000
 1086380.5560   278625.0000
 1086352.7780   278750.0000
  941630.5560   278769.4440
  942752.7780   278775.0000
 1109861.1110   278802.7780
  928691.6670   278825.0000
 1095130.5560   278950.0000
 1096433.3340   278961.1110
 1099005.5560   279011.1110
 1086991.6670   279091.6670
  943369.4450   279091.6670
 1087811.1110   279141.6670
 1086694.4450   279211.1110
  941969.4450   279219.4440
 1086433.3340   279227.7780
 1086802.7780   279355.5560
 1092005.5560   279375.0000
 1096861.1110   279455.5560
 1090280.5560   279472.2220
  939047.2230   279502.7780
 1097594.4450   279525.0000
  935500.0000   279563.8890
 1096086.1110   279650.0000
 1086863.8890   279655.5560
 1095130.5560   279675.0000
 1097300.0000   279780.5560
 1098725.0000   279786.1110
  940883.3340   279786.1110
 1087933.3340   279905.5560
 1097963.8890   279936.1110
 1092669.4450   279938.8890
 1097483.3340   279944.4440
 1109208.3340   280033.3330
 1095788.8890   280083.3330
 1093736.1110   280183.3330
 1087147.2230   280194.4440
  944325.0000   280202.7780
 1097536.1110   280219.4440
 1098672.2230   280222.2220
 1094716.6670   280313.8890
 1088213.8890   280338.8890
 1108977.7780   280341.6670
 1090972.2230   280350.0000
  939777.7780   280363.8890
  921325.0000   280408.3330
 1098586.1110   280441.6670
  944458.3340   280611.1110
 1096977.7780   280650.0000
 1109261.1110   280680.5560
 1108330.5560   280713.8890
 1108063.8890   280719.4440
 1087227.7780   280777.7780
 1108838.8890   280786.1110
 1108200.0000   280850.0000
 1109208.3340   280891.6670
 1097630.5560   280916.6670
  936588.8890   280941.6670
 1098686.1110   281138.8890
 1095127.7780   281144.4440
 1094633.3340   281205.5560
 1108147.2230   281355.5560
 1087297.2230   281458.3330
 1108980.5560   281486.1110
 1090250.0000   281508.3330
 1098847.2230   281611.1110
 1108963.8890   281758.3330
 1096625.0000   281822.2220
 1087469.4450   281875.0000
 1087641.6670   282163.8890
 1093052.7780   282333.3330
  941669.4450   282380.5560
 1087672.2230   282438.8890
 1100300.0000   282586.1110
 1087669.4450   282713.8890
 1100788.8890   282916.6670
  942116.6670   283050.0000
 1108788.8890   283197.2220
  933694.4450   283322.2220
 1092119.4450   283358.3330
 1107611.1110   283505.5560
 1092905.5560   283644.4440
 1107444.4450   283858.3330
  937386.1110   284005.5560
 1108816.6670   284055.5560
  947733.3340   284150.0000
 1107263.8890   284319.4440
  922519.4450   284366.6670
 1100950.0000   284569.4440
 1101272.2230   284580.5560
  933044.4450   284600.0000
 1093144.4450   284655.5560
 1101186.1110   284716.6670
 1101141.6670   284858.3330
 1099516.6670   284952.7780
 1101558.3340   285025.0000
 1093161.1110   285072.2220
  916263.8890   285216.6670
 1101072.2230   285380.5560
 1100261.1110   285380.5560
 1101858.3340   285408.3330
 1097136.1110   285491.6670
 1103800.0000   285544.4440
 1098533.3340   285547.2220
 1090986.1110   285550.0000
 1096352.7780   285577.7780
 1099002.7780   285650.0000
 1099425.0000   285688.8890
  919183.3340   285730.5560
 1097402.7780   285741.6670
 1095997.2230   285780.5560
 1100922.2230   285908.3330
 1101472.2230   285997.2220
 1094313.8890   286097.2220
 1106788.8890   286119.4440
 1101058.3340   286144.4440
  948608.3340   286147.2220
 1100438.8890   286191.6670
 1103630.5560   286416.6670
  945944.4450   286475.0000
 1101352.7780   286488.8890
 1094938.8890   286497.2220
 1101208.3340   286608.3330
 1100675.0000   286613.8890
 1099769.4450   286616.6670
 1093736.1110   286647.2220
 1106416.6670   286650.0000
  923163.8890   286672.2220
  940986.1110   286680.5560
 1102783.3340   286697.2220
  916588.8890   286772.2220
 1101586.1110   286775.0000
  949266.6670   286794.4440
 1099769.4450   286802.7780
 1101783.3340   286986.1110
  952694.4450   287077.7780
  909875.0000   287088.8890
 1097536.1110   287094.4440
 1098852.7780   287308.3330
 1103713.8890   287394.4440
 1091897.2230   287500.0000
 1093916.6670   287555.5560
 1101686.1110   287586.1110
 1088713.8890   287811.1110
 1094163.8890   287994.4440
 1102133.3340   288002.7780
 1098419.4450   288022.2220
 1097608.3340   288038.8890
 1096086.1110   288105.5560
  936383.3340   288188.8890
 1091561.1110   288355.5560
 1097177.7780   288402.7780
 1098011.1110   288525.0000
 1095800.0000   288611.1110
  927805.5560   288616.6670
 1094475.0000   288650.0000
  937738.8890   288830.5560
  935861.1110   288847.2220
  923919.4450   288919.4440
 1102227.7780   289002.7780
 1091119.4450   289005.5560
 1088938.8890   289022.2220
 1095636.1110   289172.2220
  929405.5560   289177.7780
 1098208.3340   289291.6670
  916372.2230   289408.3330
  961980.5560   289441.6670
 1101877.7780   289486.1110
  961272.2230   289538.8890
  954216.6670   289600.0000
  930083.3340   289669.4440
  948408.3340   289783.3330
 1102530.5560   289805.5560
  939841.6670   289808.3330
  955175.0000   289825.0000
  934694.4450   289825.0000
 1105841.6670   289886.1110
  961550.0000   290027.7780
  955975.0000   290175.0000
  960880.5560   290244.4440
 1105594.4450   290255.5560
 1105144.4450   290255.5560
 1087705.5560   290297.2220
 1088177.7780   290300.0000
  960525.0000   290336.1110
  957883.3340   290386.1110
  949733.3340   290402.7780
  929188.8890   290402.7780
  959177.7780   290441.6670
 1090255.5560   290488.8890
 1094241.6670   290550.0000
  960769.4450   290558.3330
  934050.0000   290694.4440
  941977.7780   290936.1110
 1105494.4450   290961.1110
 1101350.0000   291191.6670
  933308.3340   291333.3330
 1084513.8890   291383.3330
  925816.6670   291397.2220
  958416.6670   291436.1110
 1104819.4450   291655.5560
  960550.0000   291691.6670
 1105036.1110   291758.3330
 1093463.8890   291869.4440
  926244.4450   291894.4440
  952172.2230   291963.8890
  917008.3340   292094.4440
 1104636.1110   292105.5560
  928291.6670   292261.1110
  961419.4450   292280.5560
  935269.4450   292366.6670
 1100208.3340   292391.6670
 1104488.8890   292433.3330
  937225.0000   292672.2220
 1104305.5560   292855.5560
  943350.0000   292875.0000
  962080.5560   292947.2220
  910691.6670   293102.7780
  926769.4450   293105.5560
  953841.6670   293113.8890
  920205.5560   293172.2220
  923455.5560   293472.2220
  964708.3340   293480.5560
 1104200.0000   293488.8890
  926083.3340   293555.5560
  933713.8890   293561.1110
  905902.7780   293625.0000
 1092891.6670   293663.8890
 1012266.6670   293788.8890
  965841.6670   293836.1110
 1090397.2230   293872.2220
  956491.6670   293991.6670
  962427.7780   294236.1110
  929933.3340   294238.8890
  943163.8890   294288.8890
 1099758.3340   294300.0000
 1008913.8890   294383.3330
 1011875.0000   294419.4440
  945458.3340   294436.1110
 1088441.6670   294475.0000
  954922.2230   294505.5560
  968472.2230   294569.4440
  964355.5560   294605.5560
  961288.8890   294625.0000
  931013.8890   294630.5560
 1102286.1110   294658.3330
 1103594.4450   294747.2220
  930361.1110   294747.2220
  929994.4450   294786.1110
 1017927.7780   294802.7780
  960713.8890   294822.2220
  965647.2230   294830.5560
  930211.1110   294847.2220
  929352.7780   294877.7780
  928683.3340   294950.0000
 1098950.0000   295000.0000
  940344.4450   295013.8890
 1092066.6670   295044.4440
  964944.4450   295066.6670
  963919.4450   295072.2220
  931066.6670   295152.7780
  931708.3340   295177.7780
  929705.5560   295230.5560
  962858.3340   295291.6670
 1089675.0000   295297.2220
  954158.3340   295308.3330
 1007666.6670   295375.0000
 1011486.1110   295425.0000
  964663.8890   295425.0000
  964547.2230   295472.2220
  931958.3340   295477.7780
  932172.2230   295519.4440
 1008844.4450   295533.3330
  956783.3340   295569.4440
  871150.0000   295605.5560
  932600.0000   295613.8890
  962008.3340   295633.3330
  964613.8890   295638.8890
  935222.2230   295686.1110
  933466.6670   295711.1110
 1011050.0000   295722.2220
  943441.6670   295747.2220
  957261.1110   295819.4440
  929961.1110   295822.2220
  929344.4450   295847.2220
  951533.3340   295894.4440
 1093991.6670   295916.6670
  934536.1110   295919.4440
 1007672.2230   295955.5560
  929997.2230   296002.7780
 1086688.8890   296130.5560
  959291.6670   296158.3330
  959491.6670   296183.3330
  958519.4450   296194.4440
  964769.4450   296200.0000
 1095961.1110   296236.1110
  954216.6670   296311.1110
 1083613.8890   296341.6670
 1009475.0000   296458.3330
 1088800.0000   296461.1110
 1098488.8890   296483.3330
 1091616.6670   296513.8890
 1098880.5560   296580.5560
  965966.6670   296622.2220
  962513.8890   296627.7780
  964675.0000   296655.5560
 1003847.2230   296661.1110
 1013783.3340   296666.6670
  914747.2230   296691.6670
  955097.2230   296791.6670
  938394.4450   296802.7780
  945838.8890   296816.6670
  943783.3340   296875.0000
 1002158.3340   296894.4440
  955872.2230   296897.2220
  962777.7780   296908.3330
 1001847.2230   296930.5560
 1002677.7780   296944.4440
 1002800.0000   296991.6670
  947063.8890   297027.7780
  933625.0000   297027.7780
  963630.5560   297050.0000
  960280.5560   297055.5560
  960500.0000   297058.3330
  949472.2230   297063.8890
 1099783.3340   297177.7780
  960530.5560   297177.7780
 1013630.5560   297230.5560
 1065033.3340   297255.5560
  924133.3340   297263.8890
 1008877.7780   297272.2220
  965094.4450   297352.7780
 1066080.5560   297363.8890
  948858.3340   297486.1110
  959697.2230   297597.2220
  961236.1110   297630.5560
  962530.5560   297672.2220
  959569.4450   297672.2220
  959913.8890   297702.7780
  968041.6670   297727.7780
  963722.2230   297758.3330
  959697.2230   297772.2220
  963150.0000   297780.5560
  953297.2230   297805.5560
  956625.0000   297855.5560
 1094550.0000   297858.3330
  955358.3340   297858.3330
 1093191.6670   297894.4440
  971036.1110   297897.2220
  953861.1110   297927.7780
  927550.0000   297944.4440
 1089922.2230   297955.5560
 1006638.8890   297955.5560
  999852.7780   297958.3330
  981616.6670   297975.0000
  964308.3340   298186.1110
  971027.7780   298200.0000
 1010116.6670   298236.1110
 1088897.2230   298266.6670
 1005305.5560   298372.2220
  999425.0000   298377.7780
  965961.1110   298475.0000
 1068222.2230   298530.5560
 1014961.1110   298547.2220
  963586.1110   298677.7780
  964238.8890   298797.2220
  935455.5560   298830.5560
  938169.4450   298847.2220
  959238.8890   298875.0000
 1015888.8890   298955.5560
  975580.5560   298986.1110
 1013863.8890   298991.6670
  959844.4450   299022.2220
 1014094.4450   299033.3330
  946102.7780   299052.7780
 1013444.4450   299058.3330
 1011305.5560   299061.1110
 1014541.6670   299100.0000
  998233.3340   299108.3330
  964247.2230   299116.6670
 1014327.7780   299144.4440
  975625.0000   299175.0000
 1012758.3340   299183.3330
 1011202.7780   299319.4440
  961066.6670   299322.2220
 1008080.5560   299361.1110
 1012836.1110   299402.7780
 1004619.4450   299402.7780
 1015233.3340   299425.0000
 1011350.0000   299427.7780
 1093766.6670   299438.8890
 1060686.1110   299477.7780
  994980.5560   299480.5560
  975697.2230   299480.5560
  952297.2230   299500.0000
 1014813.8890   299541.6670
 1014116.6670   299544.4440
  994508.3340   299580.5560
 1085583.3340   299588.8890
 1002836.1110   299650.0000
  925819.4450   299675.0000
  974944.4450   299741.6670
 1010777.7780   299763.8890
 1010988.8890   299777.7780
 1096761.1110   299794.4440
 1013338.8890   299838.8890
  936097.2230   299888.8890
  975283.3340   299911.1110
 1098083.3340   299916.6670
 1012450.0000   299938.8890
  992019.4450   299977.7780
 1010744.4450   299988.8890
  996680.5560   300033.3330
 1007672.2230   300108.3330
  912816.6670   300155.5560
  976411.1110   300205.5560
 1091469.4450   300225.0000
  989783.3340   300258.3330
  968952.7780   300272.2220
  970625.0000   300355.5560
 1007877.7780   300402.7780
 1094147.2230   300438.8890
  966016.6670   300463.8890
 1007969.4450   300472.2220
  923466.6670   300472.2220
  971511.1110   300477.7780
 1083116.6670   300527.7780
 1009350.0000   300536.1110
 1008675.0000   300558.3330
  997497.2230   300563.8890
  955600.0000   300563.8890
 1010066.6670   300663.8890
  922466.6670   300772.2220
  988152.7780   300805.5560
  977286.1110   300819.4440
  936466.6670   300850.0000
  973850.0000   300858.3330
  977502.7780   300927.7780
  954991.6670   300930.5560
  954086.1110   300972.2220
  930655.5560   300977.7780
  994966.6670   300994.4440
 1004938.8890   301008.3330
  974350.0000   301025.0000
  966286.1110   301088.8890
  941716.6670   301102.7780
 1062861.1110   301125.0000
  968438.8890   301130.5560
 1079047.2230   301172.2220
  989886.1110   301216.6670
 1058833.3340   301308.3330
  974713.8890   301313.8890
  970758.3340   301400.0000
  890930.5560   301422.2220
  995255.5560   301469.4440
  967477.7780   301522.2220
 1059166.6670   301527.7780
 1058263.8890   301586.1110
 1097800.0000   301658.3330
  950891.6670   301666.6670
  981108.3340   301686.1110
 1003397.2230   301697.2220
 1058613.8890   301708.3330
 1071113.8890   301758.3330
 1056811.1110   301763.8890
  990225.0000   301805.5560
  982130.5560   301816.6670
  945505.5560   301825.0000
 1006275.0000   301841.6670
 1088472.2230   301894.4440
  989041.6670   301897.2220
  979055.5560   301905.5560
 1088719.4450   301922.2220
 1058597.2230   302008.3330
  991122.2230   302138.8890
  996547.2230   302141.6670
 1003905.5560   302172.2220
  988297.2230   302222.2220
  994669.4450   302238.8890
  936833.3340   302255.5560
  982694.4450   302263.8890
  963258.3340   302327.7780
  992183.3340   302347.2220
  993922.2230   302355.5560
  993013.8890   302355.5560
  986641.6670   302358.3330
  981094.4450   302363.8890
  984730.5560   302366.6670
 1005666.6670   302383.3330
  982361.1110   302419.4440
 1058383.3340   302452.7780
 1037858.3340   302458.3330
  882366.6670   302500.0000
  972969.4450   302530.5560
  937438.8890   302669.4440
  995875.0000   302733.3330
 1017055.5560   302750.0000
  926150.0000   302750.0000
  936958.3340   302766.6670
  930750.0000   302766.6670
 1002630.5560   302772.2220
 1093644.4450   302819.4440
 1021105.5560   302866.6670
 1002525.0000   302888.8890
 1058461.1110   302891.6670
 1100933.3340   302944.4440
 1006916.6670   302950.0000
  977433.3340   302975.0000
  936850.0000   302977.7780
 1095111.1110   303025.0000
  982961.1110   303025.0000
  874680.5560   303077.7780
 1021997.2230   303086.1110
 1100900.0000   303116.6670
  960308.3340   303116.6670
  996963.8890   303130.5560
 1015436.1110   303133.3330
 1072391.6670   303138.8890
 1022391.6670   303155.5560
  994377.7780   303169.4440
 1087275.0000   303294.4440
  989911.1110   303311.1110
 1098308.3340   303319.4440
 1100877.7780   303341.6670
  939300.0000   303405.5560
  949586.1110   303458.3330
  973088.8890   303488.8890
  941166.6670   303494.4440
 1023338.8890   303502.7780
 1002213.8890   303536.1110
  974141.6670   303547.2220
 1043227.7780   303569.4440
 1014211.1110   303580.5560
  878261.1110   303583.3330
 1009005.5560   303586.1110
 1029305.5560   303655.5560
 1023938.8890   303672.2220
  934952.7780   303677.7780
  971744.4450   303713.8890
 1071858.3340   303758.3330
 1017383.3340   303758.3330
 1042116.6670   303838.8890
 1028750.0000   303855.5560
  953991.6670   303877.7780
 1049908.3340   303933.3330
 1002330.5560   303941.6670
 1026013.8890   303958.3330
  995552.7780   303975.0000
  992716.6670   304027.7780
 1032383.3340   304030.5560
 1013297.2230   304041.6670
 1048677.7780   304055.5560
 1038030.5560   304063.8890
 1048236.1110   304097.2220
 1097786.1110   304108.3330
 1000530.5560   304108.3330
 1026588.8890   304111.1110
  994183.3340   304111.1110
 1029522.2230   304113.8890
  944752.7780   304188.8890
 1041791.6670   304208.3330
 1042697.2230   304211.1110
  960069.4450   304247.2220
 1042347.2230   304250.0000
 1025958.3340   304261.1110
 1042069.4450   304263.8890
 1026444.4450   304302.7780
 1065108.3340   304319.4440
 1072058.3340   304380.5560
 1010452.7780   304386.1110
  938669.4450   304391.6670
 1029430.5560   304402.7780
 1048730.5560   304408.3330
 1042641.6670   304427.7780
 1064413.8890   304433.3330
 1057980.5560   304438.8890
  980536.1110   304502.7780
 1003322.2230   304505.5560
 1002766.6670   304519.4440
 1048483.3340   304555.5560
 1041716.6670   304613.8890
 1042505.5560   304686.1110
 1080736.1110   304691.6670
 1078563.8890   304691.6670
  995083.3340   304702.7780
 1035675.0000   304738.8890
 1013858.3340   304752.7780
 1031444.4450   304761.1110
 1014491.6670   304783.3330
  987911.1110   304811.1110
  988908.3340   304850.0000
  986361.1110   304852.7780
 1005305.5560   304866.6670
 1037869.4450   304875.0000
  917150.0000   304891.6670
  999672.2230   304911.1110
  990691.6670   304941.6670
  964902.7780   304977.7780
 1053505.5560   304980.5560
 1007388.8890   305019.4440
 1010255.5560   305041.6670
 1009044.4450   305041.6670
  936666.6670   305050.0000
  938080.5560   305080.5560
 1042741.6670   305100.0000
 1085383.3340   305180.5560
  993019.4450   305183.3330
 1042138.8890   305186.1110
 1035833.3340   305227.7780
 1018072.2230   305252.7780
  994052.7780   305333.3330
  997338.8890   305366.6670
  960036.1110   305375.0000
  939402.7780   305425.0000
 1076163.8890   305450.0000
 1037350.0000   305452.7780
 1033113.8890   305475.0000
 1037747.2230   305536.1110
  999308.3340   305588.8890
  995327.7780   305600.0000
 1096558.3340   305619.4440
  908436.1110   305666.6670
 1067433.3340   305691.6670
  940775.0000   305705.5560
 1010036.1110   305772.2220
  932141.6670   305780.5560
  936338.8890   305786.1110
 1041952.7780   305813.8890
 1069033.3340   305869.4440
 1003186.1110   305880.5560
 1033158.3340   305900.0000
  941900.0000   305902.7780
  963575.0000   305922.2220
  998702.7780   305958.3330
 1044555.5560   305986.1110
 1043255.5560   305991.6670
 1035830.5560   306033.3330
 1083886.1110   306038.8890
  942813.8890   306136.1110
  994297.2230   306161.1110
 1068266.6670   306169.4440
 1037336.1110   306180.5560
  987241.6670   306200.0000
 1057744.4450   306227.7780
 1070719.4450   306236.1110
  951525.0000   306277.7780
 1098800.0000   306316.6670
 1044469.4450   306322.2220
  938097.2230   306325.0000
  990675.0000   306336.1110
 1009858.3340   306352.7780
 1003302.7780   306483.3330
  930463.8890   306580.5560
  975941.6670   306602.7780
 1100238.8890   306694.4440
  992152.7780   306877.7780
 1095691.6670   306908.3330
  997427.7780   306927.7780
 1060944.4450   306936.1110
 1034436.1110   306941.6670
 1000505.5560   307013.8890
 1066436.1110   307050.0000
 1065622.2230   307075.0000
  902863.8890   307100.0000
  965538.8890   307108.3330
 1064663.8890   307122.2220
 1003452.7780   307172.2220
  940441.6670   307175.0000
 1053711.1110   307213.8890
  959361.1110   307233.3330
 1041725.0000   307238.8890
  998925.0000   307383.3330
 1034077.7780   307386.1110
  934313.8890   307436.1110
 1082658.3340   307472.2220
 1070027.7780   307488.8890
  979463.8890   307541.6670
  932586.1110   307580.5560
  928119.4450   307591.6670
 1049161.1110   307619.4440
 1034119.4450   307636.1110
 1009750.0000   307647.2220
 1056725.0000   307730.5560
 1062597.2230   307741.6670
  970713.8890   307750.0000
 1059480.5560   307816.6670
  990613.8890   307836.1110
 1079266.6670   307847.2220
 1016380.5560   307908.3330
 1076966.6670   307916.6670
 1058069.4450   307916.6670
  940613.8890   307947.2220
 1061100.0000   307969.4440
 1097966.6670   307997.2220
  988263.8890   308158.3330
 1034161.1110   308205.5560
 1031252.7780   308230.5560
 1094766.6670   308302.7780
 1008150.0000   308305.5560
 1082080.5560   308325.0000
 1002691.6670   308372.2220
 1019525.0000   308400.0000
  936933.3340   308411.1110
  981977.7780   308461.1110
 1013336.1110   308469.4440
  977294.4450   308483.3330
 1034305.5560   308530.5560
  945100.0000   308530.5560
 1094655.5560   308558.3330
  908861.1110   308600.0000
 1004711.1110   308655.5560
 1063247.2230   308700.0000
 1072852.7780   308772.2220
  940852.7780   308780.5560
  948938.8890   308783.3330
 1071627.7780   308827.7780
 1037136.1110   308827.7780
 1034469.4450   308916.6670
  886077.7780   308938.8890
 1069111.1110   309036.1110
  970647.2230   309077.7780
  895891.6670   309138.8890
  917005.5560   309175.0000
  982044.4450   309197.2220
 1003711.1110   309200.0000
  974902.7780   309200.0000
 1028966.6670   309250.0000
 1009777.7780   309380.5560
  961113.8890   309450.0000
  939483.3340   309469.4440
  955752.7780   309497.2220
 1043352.7780   309527.7780
  993041.6670   309530.5560
 1059700.0000   309566.6670
 1063244.4450   309575.0000
 1077486.1110   309597.2220
 1097638.8890   309636.1110
 1050269.4450   309655.5560
 1074336.1110   309736.1110
  989016.6670   309763.8890
  948130.5560   309777.7780
 1051791.6670   309813.8890
  996866.6670   309833.3330
  994333.3340   309838.8890
  877425.0000   309841.6670
 1081138.8890   309911.1110
  966597.2230   309966.6670
 1042258.3340   310000.0000
 1020344.4450   310011.1110
 1051586.1110   310050.0000
 1010144.4450   310066.6670
 1051369.4450   310102.7780
 1076202.7780   310111.1110
  991994.4450   310147.2220
 1039927.7780   310236.1110
  950016.6670   310258.3330
  953722.2230   310294.4440
 1056227.7780   310327.7780
  995111.1110   310344.4440
 1087394.4450   310363.8890
  866563.8890   310397.2220
 1066075.0000   310402.7780
 1084113.8890   310408.3330
 1061816.6670   310486.1110
  963611.1110   310547.2220
  940225.0000   310558.3330
  994377.7780   310577.7780
  993655.5560   310594.4440
  933052.7780   310636.1110
 1078627.7780   310680.5560
 1073975.0000   310722.2220
  945083.3340   310727.7780
 1082872.2230   310744.4440
  938813.8890   310786.1110
 1004183.3340   310894.4440
 1032586.1110   310905.5560
 1044238.8890   310930.5560
  990863.8890   310944.4440
  941441.6670   310980.5560
 1057897.2230   311022.2220
 1001872.2230   311044.4440
 1044144.4450   311050.0000
 1058922.2230   311080.5560
 1026594.4450   311086.1110
 1054405.5560   311127.7780
  982152.7780   311147.2220
 1013447.2230   311158.3330
  937591.6670   311169.4440
  935838.8890   311238.8890
  960413.8890   311266.6670
 1073347.2230   311275.0000
  994205.5560   311277.7780
  892627.7780   311358.3330
 1080630.5560   311369.4440
 1059675.0000   311391.6670
 1020769.4450   311430.5560
 1010280.5560   311430.5560
  982258.3340   311433.3330
 1099950.0000   311497.2220
 1029288.8890   311555.5560
  970605.5560   311583.3330
  948100.0000   311650.0000
 1025666.6670   311691.6670
 1067533.3340   311711.1110
 1076975.0000   311797.2220
 1093516.6670   311808.3330
 1062502.7780   311827.7780
  967058.3340   311869.4440
  900266.6670   311913.8890
  927688.8890   311955.5560
 1004650.0000   311972.2220
 1024519.4450   312022.2220
  944502.7780   312033.3330
 1095052.7780   312041.6670
  941841.6670   312066.6670
 1082363.8890   312072.2220
 1091325.0000   312133.3330
 1053155.5560   312158.3330
  916413.8890   312161.1110
  930936.1110   312169.4440
 1010263.8890   312227.7780
 1060961.1110   312230.5560
 1072761.1110   312311.1110
 1057638.8890   312355.5560
 1010336.1110   312436.1110
  975125.0000   312477.7780
 1016491.6670   312516.6670
  906697.2230   312616.6670
 1077994.4450   312688.8890
 1080216.6670   312713.8890
  969102.7780   312775.0000
 1051611.1110   312794.4440
 1022111.1110   312822.2220
 1052311.1110   312825.0000
 1010183.3340   312836.1110
 1063750.0000   312925.0000
 1086341.6670   312975.0000
 1061422.2230   312988.8890
 1044641.6670   312988.8890
 1092444.4450   313058.3330
  945888.8890   313061.1110
  941255.5560   313080.5560
 1057736.1110   313100.0000
  990416.6670   313111.1110
 1059336.1110   313113.8890
 1071508.3340   313127.7780
  960302.7780   313180.5560
 1059927.7780   313188.8890
 1075694.4450   313194.4440
  990525.0000   313222.2220
 1021963.8890   313269.4440
  967577.7780   313380.5560
  886352.7780   313391.6670
  805530.5560   313402.7780
 1084405.5560   313405.5560
  976400.0000   313405.5560
 1078930.5560   313408.3330
  819419.4450   313444.4440
 1022266.6670   313463.8890
 1061444.4450   313511.1110
 1049475.0000   313527.7780
  819255.5560   313569.4440
  953427.7780   313613.8890
 1021805.5560   313644.4440
 1100525.0000   313700.0000
 1065525.0000   313775.0000
 1073255.5560   313794.4440
 1082636.1110   313850.0000
 1055572.2230   313855.5560
  942713.8890   313863.8890
  988175.0000   313902.7780
  938025.0000   313902.7780
  891369.4450   313972.2220
 1081575.0000   314127.7780
 1054188.8890   314144.4440
  990750.0000   314152.7780
 1019444.4450   314172.2220
 1061488.8890   314216.6670
  879938.8890   314227.7780
 1040852.7780   314333.3330
  937430.5560   314350.0000
 1079672.2230   314394.4440
 1067616.6670   314397.2220
  980294.4450   314436.1110
  940777.7780   314438.8890
  815588.8890   314480.5560
  929161.1110   314497.2220
 1079780.5560   314502.7780
 1058461.1110   314588.8890
  880933.3340   314611.1110
  942911.1110   314622.2220
 1006366.6670   314627.7780
  910500.0000   314636.1110
 1032322.2230   314650.0000
  943722.2230   314675.0000
 1078397.2230   314716.6670
 1005900.0000   314722.2220
  945636.1110   314747.2220
 1069727.7780   314855.5560
 1094694.4450   314861.1110
  960083.3340   314916.6670
  853286.1110   315022.2220
 1004177.7780   315044.4440
 1086366.6670   315086.1110
 1035922.2230   315088.8890
 1076988.8890   315127.7780
 1088516.6670   315172.2220
  987800.0000   315188.8890
  943330.5560   315213.8890
  949530.5560   315241.6670
 1041619.4450   315277.7780
  973808.3340   315297.2220
 1076511.1110   315305.5560
  940438.8890   315341.6670
 1090241.6670   315391.6670
  807311.1110   315394.4440
 1047716.6670   315422.2220
  946533.3340   315422.2220
  943402.7780   315491.6670
 1013794.4450   315536.1110
  811836.1110   315544.4440
 1067483.3340   315580.5560
 1000836.1110   315602.7780
 1000608.3340   315652.7780
  980027.7780   315686.1110
  884861.1110   315700.0000
 1062361.1110   315716.6670
 1073308.3340   315783.3330
 1010461.1110   315788.8890
  989538.8890   315811.1110
  885663.8890   315827.7780
  956377.7780   315847.2220
  852144.4450   315850.0000
  852630.5560   315922.2220
  943780.5560   315938.8890
 1082361.1110   315941.6670
  885944.4450   315941.6670
  913047.2230   315972.2220
 1016197.2230   315983.3330
 1057677.7780   316000.0000
  968313.8890   316033.3330
 1022911.1110   316038.8890
 1096011.1110   316072.2220
 1064394.4450   316088.8890
 1085997.2230   316250.0000
  959075.0000   316250.0000
  996686.1110   316263.8890
  952030.5560   316269.4440
  811533.3340   316277.7780
  943841.6670   316291.6670
  999322.2230   316300.0000
  978427.7780   316313.8890
 1031733.3340   316338.8890
 1047447.2230   316369.4440
 1019313.8890   316452.7780
  964141.6670   316502.7780
  982847.2230   316527.7780
  940147.2230   316591.6670
  985961.1110   316672.2220
 1028405.5560   316747.2220
  984422.2230   316752.7780
  950047.2230   316797.2220
  993530.5560   316830.5560
  852797.2230   316925.0000
 1023561.1110   316938.8890
 1010891.6670   317011.1110
  933630.5560   317036.1110
 1078333.3340   317058.3330
 1097441.6670   317077.7780
 1058761.1110   317086.1110
 1037094.4450   317086.1110
 1004261.1110   317113.8890
  814197.2230   317127.7780
 1082338.8890   317147.2220
 1052227.7780   317163.8890
  923544.4450   317169.4440
 1056705.5560   317200.0000
  999436.1110   317225.0000
  953216.6670   317244.4440
 1073158.3340   317319.4440
 1042819.4450   317333.3330
  915397.2230   317380.5560
  925413.8890   317419.4440
  883272.2230   317511.1110
  948369.4450   317538.8890
 1068713.8890   317561.1110
  850002.7780   317586.1110
  984005.5560   317605.5560
 1066972.2230   317711.1110
  996652.7780   317719.4440
 1070400.0000   317733.3330
 1098538.8890   317738.8890
 1091380.5560   317780.5560
  939102.7780   317822.2220
 1059308.3340   317833.3330
 1098788.8890   317838.8890
 1024544.4450   317863.8890
  950244.4450   317877.7780
 1037594.4450   317883.3330
  963366.6670   317958.3330
  943952.7780   318022.2220
 1055166.6670   318086.1110
  966463.8890   318144.4440
  991569.4450   318191.6670
  979725.0000   318197.2220
  984572.2230   318213.8890
  969958.3340   318241.6670
  920605.5560   318272.2220
 1048688.8890   318294.4440
 1071222.2230   318308.3330
  905022.2230   318361.1110
  891194.4450   318455.5560
  998305.5560   318463.8890
 1098905.5560   318466.6670
  883944.4450   318575.0000
 1027872.2230   318600.0000
 1010908.3340   318602.7780
  991908.3340   318636.1110
 1017530.5560   318736.1110
 1060369.4450   318780.5560
 1025027.7780   318866.6670
  911952.7780   318872.2220
 1063411.1110   318911.1110
  910022.2230   318922.2220
  983686.1110   318933.3330
  947722.2230   318938.8890
  928833.3340   318972.2220
 1072347.2230   319002.7780
  992436.1110   319027.7780
  970916.6670   319036.1110
  796061.1110   319119.4440
 1037508.3340   319133.3330
  938302.7780   319230.5560
  988472.2230   319252.7780
 1088069.4450   319291.6670
 1095580.5560   319363.8890
 1101830.5560   319380.5560
  972427.7780   319436.1110
 1080302.7780   319508.3330
  915247.2230   319563.8890
 1005027.7780   319608.3330
 1016166.6670   319616.6670
 1077041.6670   319633.3330
  962163.8890   319636.1110
  974330.5560   319655.5560
  811927.7780   319677.7780
  974888.8890   319752.7780
 1021994.4450   319788.8890
  998311.1110   319808.3330
  934533.3340   319827.7780
 1049080.5560   319844.4440
 1011297.2230   319872.2220
 1082863.8890   319894.4440
 1041961.1110   319908.3330
 1081797.2230   319919.4440
  894091.6670   319972.2220
 1106408.3340   320000.0000
  848813.8890   320038.8890
  943569.4450   320108.3330
  981447.2230   320147.2220
  985775.0000   320166.6670
 1084238.8890   320172.2220
  977725.0000   320216.6670
  993477.7780   320263.8890
 1104366.6670   320333.3330
 1019644.4450   320333.3330
 1070938.8890   320338.8890
 1089783.3340   320355.5560
  977866.6670   320375.0000
 1027586.1110   320400.0000
  998286.1110   320491.6670
  993775.0000   320497.2220
  959805.5560   320525.0000
 1085858.3340   320677.7780
 1072538.8890   320722.2220
 1002458.3340   320725.0000
 1085719.4450   320736.1110
  946802.7780   320800.0000
 1103866.6670   320833.3330
  931450.0000   320850.0000
  982666.6670   320852.7780
 1093686.1110   320866.6670
 1068191.6670   320877.7780
  960150.0000   320883.3330
 1032647.2230   320894.4440
 1076911.1110   320913.8890
  947711.1110   320919.4440
  950180.5560   320952.7780
  925233.3340   320958.3330
 1011925.0000   320961.1110
 1008633.3340   321094.4440
 1079855.5560   321100.0000
 1103325.0000   321141.6670
 1102394.4450   321152.7780
  945416.6670   321244.4440
  923216.6670   321261.1110
  896986.1110   321291.6670
 1101875.0000   321322.2220
  952591.6670   321330.5560
 1098644.4450   321358.3330
  961666.6670   321397.2220
  953958.3340   321438.8890
 1057716.6670   321441.6670
  963663.8890   321444.4440
 1087086.1110   321469.4440
 1103233.3340   321488.8890
  966875.0000   321530.5560
 1013555.5560   321533.3330
 1095527.7780   321558.3330
  971494.4450   321572.2220
  943369.4450   321594.4440
 1095825.0000   321613.8890
  997661.1110   321630.5560
 1032041.6670   321686.1110
  954744.4450   321694.4440
 1093775.0000   321811.1110
 1049063.8890   321838.8890
  946022.2230   321838.8890
 1089208.3340   321872.2220
 1083088.8890   321975.0000
  805188.8890   321994.4440
 1075780.5560   322019.4440
 1091647.2230   322041.6670
  956313.8890   322047.2220
  916902.7780   322094.4440
  928163.8890   322136.1110
 1107338.8890   322161.1110
 1090730.5560   322175.0000
  932847.2230   322205.5560
  805608.3340   322216.6670
  964291.6670   322252.7780
  962613.8890   322266.6670
  941125.0000   322333.3330
  937316.6670   322344.4440
 1106261.1110   322369.4440
 1071775.0000   322380.5560
  965463.8890   322386.1110
  987708.3340   322411.1110
 1060702.7780   322416.6670
  970313.8890   322427.7780
  900083.3340   322502.7780
  816552.7780   322527.7780
 1010641.6670   322591.6670
 1077500.0000   322613.8890
 1038613.8890   322663.8890
  837286.1110   322686.1110
  846863.8890   322700.0000
 1015008.3340   322730.5560
  965083.3340   322744.4440
  987633.3340   322766.6670
  957372.2230   322783.3330
  976627.7780   322816.6670
 1080144.4450   322836.1110
  873913.8890   322861.1110
 1104058.3340   322869.4440
 1074255.5560   322936.1110
 1102511.1110   322958.3330
  901808.3340   322963.8890
 1013019.4450   322986.1110
 1074591.6670   323050.0000
 1067138.8890   323052.7780
 1036886.1110   323061.1110
  990363.8890   323061.1110
  954802.7780   323069.4440
  960069.4450   323077.7780
  997119.4450   323088.8890
 1013477.7780   323094.4440
  847088.8890   323122.2220
 1016883.3340   323127.7780
  944752.7780   323130.5560
  969702.7780   323158.3330
 1024611.1110   323175.0000
  889413.8890   323186.1110
 1069694.4450   323188.8890
  952738.8890   323202.7780
 1023233.3340   323211.1110
  982069.4450   323283.3330
  948616.6670   323291.6670
 1008811.1110   323300.0000
  953355.5560   323344.4440
 1100950.0000   323361.1110
 1011650.0000   323413.8890
 1021580.5560   323430.5560
  941002.7780   323475.0000
 1010266.6670   323491.6670
  827786.1110   323502.7780
  961858.3340   323511.1110
 1006088.8890   323525.0000
 1018322.2230   323536.1110
 1027830.5560   323641.6670
 1020125.0000   323644.4440
  953861.1110   323663.8890
 1051866.6670   323666.6670
 1072986.1110   323694.4440
  786266.6670   323716.6670
 1088941.6670   323769.4440
 1107938.8890   323788.8890
 1098233.3340   323794.4440
  850077.7780   323808.3330
  946386.1110   323863.8890
 1081319.4450   323866.6670
  925077.7780   323880.5560
  906225.0000   323880.5560
  920927.7780   323938.8890
  941630.5560   323966.6670
 1094263.8890   323969.4440
 1006302.7780   323969.4440
  926694.4450   324013.8890
  919933.3340   324058.3330
  942752.7780   324063.8890
 1027094.4450   324066.6670
 1044655.5560   324072.2220
 1003000.0000   324083.3330
  907747.2230   324111.1110
 1028388.8890   324172.2220
  872583.3340   324205.5560
 1057950.0000   324238.8890
 1013544.4450   324283.3330
  948191.6670   324311.1110
 1108166.6670   324313.8890
 1084252.7780   324322.2220
  943844.4450   324333.3330
 1048319.4450   324338.8890
 1107625.0000   324355.5560
  802619.4450   324366.6670
  883280.5560   324372.2220
 1023783.3340   324388.8890
 1092713.8890   324419.4440
  936927.7780   324419.4440
  952569.4450   324425.0000
  965383.3340   324452.7780
  909483.3340   324458.3330
 1097033.3340   324486.1110
  917538.8890   324486.1110
  939602.7780   324488.8890
 1039725.0000   324494.4440
 1075463.8890   324561.1110
  999936.1110   324575.0000
  916155.5560   324575.0000
 1077550.0000   324580.5560
 1064988.8890   324608.3330
  940988.8890   324613.8890
 1013713.8890   324616.6670
 1050269.4450   324638.8890
  928080.5560   324697.2220
  914741.6670   324705.5560
 1064858.3340   324708.3330
  910811.1110   324708.3330
  997319.4450   324772.2220
  974272.2230   324786.1110
 1051247.2230   324797.2220
 1105061.1110   324805.5560
  944925.0000   324822.2220
 1031902.7780   324861.1110
 1064947.2230   324955.5560
  967463.8890   325005.5560
  969127.7780   325041.6670
  993675.0000   325091.6670
 1051100.0000   325116.6670
  960775.0000   325155.5560
  992950.0000   325158.3330
  977547.2230   325158.3330
 1036502.7780   325175.0000
  946825.0000   325175.0000
  993391.6670   325183.3330
  988488.8890   325230.5560
  958497.2230   325247.2220
  977366.6670   325250.0000
  946005.5560   325263.8890
  987727.7780   325275.0000
  965838.8890   325294.4440
  989725.0000   325300.0000
 1088972.2230   325305.5560
  979827.7780   325325.0000
  948213.8890   325338.8890
  986983.3340   325344.4440
  980758.3340   325355.5560
 1055933.3340   325358.3330
 1095541.6670   325380.5560
 1085827.7780   325402.7780
  941661.1110   325419.4440
 1011775.0000   325430.5560
 1052747.2230   325436.1110
  984338.8890   325438.8890
  971194.4450   325447.2220
 1086147.2230   325480.5560
  985666.6670   325488.8890
 1056166.6670   325497.2220
  929888.8890   325519.4440
 1075991.6670   325536.1110
  956236.1110   325563.8890
 1072483.3340   325569.4440
 1073902.7780   325597.2220
 1058141.6670   325605.5560
  943452.7780   325630.5560
  941244.4450   325788.8890
  975941.6670   325808.3330
 1093313.8890   325827.7780
  963780.5560   325836.1110
  743744.4450   325838.8890
 1032994.4450   325841.6670
  962827.7780   325883.3330
  949783.3340   325883.3330
  951780.5560   325888.8890
  948016.6670   325888.8890
  946300.0000   325897.2220
  988388.8890   325908.3330
  947308.3340   325919.4440
  966313.8890   325936.1110
  767777.7780   325963.8890
 1091527.7780   325972.2220
  808563.8890   325997.2220
 1000088.8890   326038.8890
 1082411.1110   326055.5560
 1060058.3340   326097.2220
  807163.8890   326108.3330
  916727.7780   326119.4440
 1014500.0000   326125.0000
  982000.0000   326152.7780
 1078866.6670   326208.3330
  950311.1110   326277.7780
  941977.7780   326308.3330
 1041675.0000   326322.2220
 1054522.2230   326352.7780
  949486.1110   326394.4440
  744033.3340   326400.0000
 1011219.4450   326408.3330
 1061083.3340   326452.7780
  942611.1110   326466.6670
  947738.8890   326491.6670
  945786.1110   326516.6670
 1077269.4450   326536.1110
 1115461.1110   326550.0000
 1078677.7780   326591.6670
  959986.1110   326630.5560
  843341.6670   326652.7780
  773405.5560   326727.7780
  940263.8890   326730.5560
  957775.0000   326733.3330
 1069472.2230   326775.0000
  743883.3340   326780.5560
  759886.1110   326788.8890
 1067483.3340   326833.3330
  743044.4450   326858.3330
 1081400.0000   326875.0000
  975258.3340   326875.0000
 1106358.3340   326900.0000
  977450.0000   326947.2220
  938847.2230   326958.3330
  994008.3340   326961.1110
  956016.6670   326980.5560
  988300.0000   326988.8890
  833552.7780   326991.6670
  883511.1110   327025.0000
  943316.6670   327027.7780
 1038908.3340   327044.4440
  954786.1110   327091.6670
  943305.5560   327141.6670
  743302.7780   327152.7780
  746113.8890   327169.4440
  888422.2230   327188.8890
  823819.4450   327213.8890
 1074733.3340   327216.6670
  808466.6670   327225.0000
  921897.2230   327233.3330
  941661.1110   327252.7780
  768630.5560   327252.7780
  965444.4450   327286.1110
  948641.6670   327286.1110
 1087666.6670   327291.6670
  759577.7780   327308.3330
 1112447.2230   327341.6670
  952116.6670   327358.3330
  946000.0000   327361.1110
  895361.1110   327375.0000
  744561.1110   327425.0000
  975152.7780   327438.8890
  940733.3340   327447.2220
  944891.6670   327458.3330
  950150.0000   327480.5560
 1098497.2230   327502.7780
 1102444.4450   327547.2220
  925847.2230   327555.5560
  799325.0000   327558.3330
  915908.3340   327563.8890
  971416.6670   327572.2220
  940761.1110   327572.2220
 1066116.6670   327577.7780
  936897.2230   327591.6670
  940286.1110   327594.4440
  833566.6670   327616.6670
 1112363.8890   327630.5560
 1028358.3340   327675.0000
  744644.4450   327677.7780
  832069.4450   327700.0000
 1023700.0000   327713.8890
  990811.1110   327733.3330
  996941.6670   327750.0000
 1115555.5560   327763.8890
  995725.0000   327786.1110
  833369.4450   327794.4440
  946866.6670   327833.3330
 1114513.8890   327852.7780
 1069247.2230   327872.2220
 1046150.0000   327883.3330
 1063416.6670   327888.8890
  984311.1110   327916.6670
  759244.4450   327919.4440
  958525.0000   327927.7780
  757963.8890   327930.5560
 1116238.8890   327938.8890
  745250.0000   327947.2220
  960358.3340   327958.3330
 1063027.7780   327961.1110
  949261.1110   327963.8890
  942177.7780   327994.4440
  967661.1110   328000.0000
 1058330.5560   328002.7780
 1095372.2230   328038.8890
 1003166.6670   328041.6670
  940419.4450   328047.2220
  940838.8890   328058.3330
  933741.6670   328083.3330
 1083138.8890   328111.1110
  761072.2230   328111.1110
  945380.5560   328138.8890
  942588.8890   328158.3330
 1092516.6670   328188.8890
  980691.6670   328191.6670
 1063144.4450   328202.7780
  988288.8890   328219.4440
  943163.8890   328233.3330
 1084072.2230   328266.6670
 1030102.7780   328280.5560
 1057230.5560   328311.1110
  817797.2230   328338.8890
  942580.5560   328341.6670
 1062569.4450   328344.4440
  950119.4450   328363.8890
  745136.1110   328383.3330
 1048572.2230   328386.1110
 1063033.3340   328402.7780
 1078541.6670   328405.5560
 1035991.6670   328405.5560
  870838.8890   328422.2220
  943438.8890   328438.8890
 1062766.6670   328466.6670
  759180.5560   328475.0000
  817280.5560   328491.6670
 1104072.2230   328502.7780
 1114500.0000   328516.6670
  910213.8890   328519.4440
 1115116.6670   328544.4440
 1010811.1110   328550.0000
  941480.5560   328563.8890
  745652.7780   328572.2220
  942322.2230   328577.7780
 1068666.6670   328597.2220
  941230.5560   328600.0000
 1090825.0000   328666.6670
 1071561.1110   328677.7780
 1062961.1110   328686.1110
 1103769.4450   328708.3330
  974994.4450   328713.8890
  957213.8890   328744.4440
 1037441.6670   328763.8890
 1063033.3340   328777.7780
  797300.0000   328794.4440
  943319.4450   328808.3330
 1081541.6670   328819.4440
 1098283.3340   328833.3330
 1015152.7780   328836.1110
  913605.5560   328847.2220
 1071600.0000   328880.5560
  980383.3340   328927.7780
  954575.0000   328936.1110
  939411.1110   328950.0000
  816597.2230   328961.1110
 1060855.5560   328997.2220
  969305.5560   328997.2220
  992447.2230   329013.8890
  949230.5560   329027.7780
 1108197.2230   329050.0000
  977900.0000   329050.0000
 1006086.1110   329063.8890
  953513.8890   329102.7780
 1047708.3340   329155.5560
 1114644.4450   329183.3330
  998097.2230   329191.6670
 1102991.6670   329252.7780
  945908.3340   329263.8890
  950272.2230   329311.1110
 1071372.2230   329327.7780
  944088.8890   329341.6670
  942352.7780   329344.4440
 1086750.0000   329358.3330
 1043219.4450   329372.2220
  943527.7780   329411.1110
 1055327.7780   329438.8890
  881386.1110   329438.8890
  889222.2230   329441.6670
 1043480.5560   329444.4440
  916841.6670   329452.7780
  787705.5560   329477.7780
  947572.2230   329480.5560
  945966.6670   329536.1110
  944719.4450   329544.4440
  961966.6670   329572.2220
  857447.2230   329572.2220
 1102500.0000   329588.8890
  742222.2230   329594.4440
 1047400.0000   329597.2220
  946577.7780   329616.6670
  983466.6670   329619.4440
  744516.6670   329627.7780
  896544.4450   329636.1110
  886580.5560   329644.4440
  980361.1110   329688.8890
 1015744.4450   329700.0000
  807108.3340   329719.4440
 1006622.2230   329738.8890
 1097288.8890   329750.0000
  951544.4450   329750.0000
  948916.6670   329761.1110
  855452.7780   329777.7780
  799697.2230   329777.7780
 1029166.6670   329783.3330
  759572.2230   329786.1110
 1114538.8890   329808.3330
 1086763.8890   329813.8890
 1069038.8890   329836.1110
 1113766.6670   329855.5560
  807163.8890   329875.0000
  742163.8890   329911.1110
 1024205.5560   329922.2220
  939441.6670   329950.0000
  965211.1110   329952.7780
 1038566.6670   329975.0000
  968561.1110   329983.3330
 1090752.7780   330013.8890
  942611.1110   330038.8890
  807019.4450   330047.2220
 1113311.1110   330066.6670
 1101780.5560   330077.7780
  971213.8890   330122.2220
  987616.6670   330136.1110
  943900.0000   330144.4440
  948738.8890   330150.0000
  987625.0000   330161.1110
 1113108.3340   330183.3330
  947880.5560   330197.2220
  742847.2230   330202.7780
 1064255.5560   330308.3330
  801000.0000   330313.8890
  967650.0000   330316.6670
 1075483.3340   330341.6670
  741955.5560   330369.4440
  758661.1110   330372.2220
 1064552.7780   330391.6670
  993041.6670   330394.4440
  748566.6670   330483.3330
  821911.1110   330508.3330
 1073308.3340   330544.4440
  805766.6670   330569.4440
  999133.3340   330572.2220
 1018991.6670   330575.0000
  960147.2230   330605.5560
 1054333.3340   330655.5560
  952591.6670   330655.5560
  821272.2230   330677.7780
  741841.6670   330680.5560
  854686.1110   330738.8890
 1016322.2230   330750.0000
  797480.5560   330766.6670
 1046050.0000   330786.1110
  821219.4450   330786.1110
  748855.5560   330786.1110
 1082544.4450   330800.0000
  941908.3340   330847.2220
 1094708.3340   330897.2220
  944402.7780   330916.6670
 1111711.1110   330955.5560
  978319.4450   330980.5560
  980258.3340   331002.7780
 1046225.0000   331005.5560
 1047330.5560   331027.7780
  948163.8890   331030.5560
 1029258.3340   331052.7780
  991519.4450   331075.0000
 1002247.2230   331094.4440
 1014336.1110   331130.5560
  973225.0000   331136.1110
  871602.7780   331150.0000
 1043616.6670   331180.5560
  944613.8890   331191.6670
  744011.1110   331191.6670
  943036.1110   331211.1110
 1059202.7780   331213.8890
 1024316.6670   331236.1110
  759733.3340   331255.5560
  995255.5560   331280.5560
  842344.4450   331283.3330
 1033352.7780   331294.4440
  912597.2230   331333.3330
  956475.0000   331372.2220
  813622.2230   331386.1110
  994927.7780   331408.3330
  743213.8890   331433.3330
  955355.5560   331480.5560
  973366.6670   331486.1110
  946633.3340   331505.5560
 1061144.4450   331511.1110
  917533.3340   331575.0000
  857130.5560   331575.0000
  741369.4450   331580.5560
  931013.8890   331611.1110
  951269.4450   331633.3330
  944575.0000   331650.0000
  995452.7780   331655.5560
  896933.3340   331666.6670
 1006327.7780   331688.8890
 1065716.6670   331730.5560
 1052350.0000   331730.5560
 1048794.4450   331780.5560
  923094.4450   331786.1110
  949888.8890   331800.0000
  967427.7780   331805.5560
  892127.7780   331811.1110
 1012638.8890   331827.7780
 1009975.0000   331841.6670
  915933.3340   331844.4440
  962655.5560   331886.1110
  901088.8890   331908.3330
  927483.3340   331938.8890
 1114733.3340   331958.3330
  741080.5560   331958.3330
  871141.6670   331972.2220
  948716.6670   331975.0000
  742450.0000   332000.0000
  968066.6670   332030.5560
 1090947.2230   332075.0000
  988205.5560   332075.0000
 1039175.0000   332097.2220
 1067422.2230   332100.0000
  937322.2230   332100.0000
 1110386.1110   332144.4440
  933283.3340   332183.3330
  744533.3340   332183.3330
  996891.6670   332280.5560
 1039094.4450   332288.8890
 1088911.1110   332333.3330
 1050030.5560   332341.6670
  939008.3340   332341.6670
 1029044.4450   332344.4440
 1066508.3340   332347.2220
  946858.3340   332361.1110
  999752.7780   332377.7780
  759686.1110   332400.0000
 1072577.7780   332436.1110
 1046702.7780   332441.6670
 1101277.7780   332447.2220
 1072225.0000   332466.6670
  955869.4450   332469.4440
  909133.3340   332480.5560
 1106708.3340   332511.1110
  751125.0000   332558.3330
  881694.4450   332569.4440
  976013.8890   332611.1110
  942488.8890   332613.8890
 1008944.4450   332619.4440
 1072050.0000   332652.7780
 1021958.3340   332666.6670
  982475.0000   332669.4440
 1006069.4450   332697.2220
 1056505.5560   332736.1110
 1085102.7780   332755.5560
 1063886.1110   332775.0000
 1051316.6670   332780.5560
  949141.6670   332858.3330
  803911.1110   332938.8890
  952922.2230   332941.6670
 1075205.5560   332944.4440
  936880.5560   332958.3330
 1046430.5560   332961.1110
 1104516.6670   332969.4440
  999930.5560   332975.0000
 1069327.7780   333022.2220
  945008.3340   333041.6670
 1078033.3340   333047.2220
  796461.1110   333061.1110
 1060019.4450   333088.8890
 1023138.8890   333100.0000
 1057322.2230   333105.5560
 1093897.2230   333138.8890
  988238.8890   333158.3330
 1035838.8890   333200.0000
 1012544.4450   333208.3330
 1110727.7780   333225.0000
 1103441.6670   333225.0000
  947025.0000   333244.4440
 1080980.5560   333266.6670
 1002050.0000   333286.1110
  989483.3340   333288.8890
  858827.7780   333288.8890
  858141.6670   333316.6670
 1017455.5560   333319.4440
  971441.6670   333327.7780
  892805.5560   333369.4440
  731597.2230   333427.7780
 1050486.1110   333438.8890
  810341.6670   333452.7780
 1073775.0000   333458.3330
  982769.4450   333477.7780
 1108036.1110   333486.1110
  949383.3340   333488.8890
 1067100.0000   333505.5560
  981911.1110   333513.8890
  796983.3340   333527.7780
 1008941.6670   333536.1110
 1102158.3340   333577.7780
  979091.6670   333583.3330
  937922.2230   333583.3330
  963822.2230   333625.0000
  943130.5560   333630.5560
  987619.4450   333647.2220
  979916.6670   333652.7780
  789036.1110   333702.7780
  954180.5560   333705.5560
  927341.6670   333705.5560
  795244.4450   333708.3330
  957986.1110   333733.3330
  742363.8890   333763.8890
 1121919.4450   333766.6670
 1034713.8890   333783.3330
  952394.4450   333794.4440
 1066869.4450   333805.5560
 1072036.1110   333869.4440
  869641.6670   333941.6670
  807008.3340   333941.6670
 1111391.6670   333944.4440
  945263.8890   333963.8890
 1068908.3340   333966.6670
  806186.1110   333991.6670
 1045322.2230   334016.6670
 1100663.8890   334025.0000
 1005891.6670   334052.7780
 1088244.4450   334069.4440
 1004250.0000   334100.0000
  984172.2230   334111.1110
  806447.2230   334111.1110
 1091013.8890   334130.5560
 1091738.8890   334144.4440
  795780.5560   334147.2220
  799377.7780   334150.0000
 1028427.7780   334152.7780
  916680.5560   334180.5560
 1093244.4450   334208.3330
 1098008.3340   334213.8890
  949097.2230   334213.8890
  796647.2230   334222.2220
  955405.5560   334247.2220
  974391.6670   334250.0000
 1045600.0000   334255.5560
  973805.5560   334266.6670
  738755.5560   334269.4440
  951483.3340   334305.5560
 1073377.7780   334336.1110
 1045394.4450   334341.6670
  791894.4450   334352.7780
  791291.6670   334352.7780
  791377.7780   334355.5560
 1053808.3340   334358.3330
  898436.1110   334372.2220
  974491.6670   334416.6670
 1019150.0000   334433.3330
 1073397.2230   334472.2220
  794133.3340   334483.3330
 1070316.6670   334486.1110
 1046988.8890   334486.1110
  918641.6670   334491.6670
 1009811.1110   334500.0000
  792280.5560   334500.0000
 1092883.3340   334502.7780
 1026683.3340   334502.7780
 1008316.6670   334508.3330
 1119255.5560   334511.1110
 1044900.0000   334511.1110
 1103611.1110   334516.6670
 1004794.4450   334538.8890
  889977.7780   334561.1110
  970713.8890   334597.2220
 1045777.7780   334613.8890
  738083.3340   334636.1110
  971983.3340   334661.1110
 1094700.0000   334666.6670
  945686.1110   334666.6670
  737894.4450   334669.4440
  919625.0000   334672.2220
 1089819.4450   334705.5560
  962730.5560   334705.5560
 1110000.0000   334750.0000
  906313.8890   334763.8890
 1017586.1110   334819.4440
 1106308.3340   334916.6670
  791294.4450   334933.3330
  743391.6670   334936.1110
 1065727.7780   334938.8890
 1011669.4450   334950.0000
 1030594.4450   334955.5560
 1102072.2230   334966.6670
 1095944.4450   334966.6670
  737444.4450   335005.5560
 1095213.8890   335016.6670
  738250.0000   335016.6670
 1096175.0000   335044.4440
  894780.5560   335058.3330
  968705.5560   335086.1110
  948747.2230   335086.1110
  795883.3340   335091.6670
  950944.4450   335127.7780
 1094108.3340   335172.2220
 1096425.0000   335177.7780
 1015661.1110   335180.5560
  950030.5560   335200.0000
 1046841.6670   335205.5560
 1116077.7780   335213.8890
 1071327.7780   335213.8890
  737800.0000   335225.0000
 1000508.3340   335252.7780
  961711.1110   335261.1110
 1109144.4450   335308.3330
 1095416.6670   335308.3330
  795447.2230   335311.1110
 1103633.3340   335316.6670
 1044894.4450   335358.3330
 1062333.3340   335377.7780
  990169.4450   335377.7780
 1047794.4450   335380.5560
  793013.8890   335386.1110
 1023625.0000   335400.0000
 1022197.2230   335405.5560
  737044.4450   335422.2220
 1072527.7780   335441.6670
  859150.0000   335452.7780
  957611.1110   335461.1110
 1049422.2230   335480.5560
 1124450.0000   335508.3330
 1096825.0000   335508.3330
  967058.3340   335519.4440
 1085905.5560   335538.8890
 1024019.4450   335552.7780
 1107719.4450   335575.0000
  936383.3340   335588.8890
 1097669.4450   335602.7780
  743294.4450   335605.5560
  945758.3340   335613.8890
 1034052.7780   335633.3330
 1096786.1110   335636.1110
 1101830.5560   335655.5560
 1069055.5560   335669.4440
 1045902.7780   335700.0000
  754102.7780   335716.6670
 1070733.3340   335725.0000
 1075927.7780   335750.0000
 1083041.6670   335755.5560
  953086.1110   335772.2220
  952136.1110   335772.2220
  896319.4450   335777.7780
  792500.0000   335805.5560
 1114975.0000   335808.3330
 1071472.2230   335830.5560
 1047138.8890   335833.3330
  955769.4450   335833.3330
  986525.0000   335844.4440
 1052005.5560   335861.1110
 1069441.6670   335869.4440
 1035022.2230   335869.4440
  891091.6670   335872.2220
 1049958.3340   335908.3330
  791844.4450   335938.8890
  922266.6670   335941.6670
 1080186.1110   335955.5560
  928613.8890   335955.5560
 1076263.8890   335966.6670
  792155.5560   335975.0000
 1117422.2230   335991.6670
  951202.7780   335991.6670
  738155.5560   336000.0000
 1045305.5560   336008.3330
 1007130.5560   336016.6670
 1046927.7780   336047.2220
 1125133.3340   336058.3330
 1071513.8890   336063.8890
 1028363.8890   336075.0000
  987466.6670   336077.7780
 1111352.7780   336080.5560
 1002800.0000   336086.1110
  950761.1110   336102.7780
  768911.1110   336102.7780
  964341.6670   336105.5560
  769136.1110   336105.5560
  994222.2230   336125.0000
  737747.2230   336125.0000
 1055255.5560   336130.5560
  791627.7780   336130.5560
 1056516.6670   336141.6670
 1103844.4450   336155.5560
 1076191.6670   336188.8890
  735586.1110   336188.8890
 1048777.7780   336197.2220
 1045152.7780   336205.5560
 1056425.0000   336213.8890
 1071175.0000   336219.4440
 1078741.6670   336258.3330
  737938.8890   336258.3330
 1055677.7780   336261.1110
 1000872.2230   336288.8890
  996958.3340   336288.8890
  995552.7780   336288.8890
  791541.6670   336305.5560
 1017755.5560   336330.5560
  948780.5560   336355.5560
  942641.6670   336358.3330
  741436.1110   336386.1110
  735688.8890   336411.1110
  856100.0000   336416.6670
  741966.6670   336416.6670
 1071608.3340   336447.2220
 1055741.6670   336455.5560
 1058991.6670   336488.8890
  941105.5560   336516.6670
 1101252.7780   336522.2220
 1070372.2230   336533.3330
 1077683.3340   336561.1110
  945800.0000   336561.1110
 1056550.0000   336597.2220
 1038866.6670   336597.2220
 1070763.8890   336600.0000
 1046738.8890   336600.0000
  902491.6670   336600.0000
  734883.3340   336602.7780
  959313.8890   336608.3330
  962202.7780   336613.8890
  961011.1110   336613.8890
 1123838.8890   336647.2220
  898041.6670   336663.8890
  978952.7780   336669.4440
 1116558.3340   336675.0000
 1074688.8890   336675.0000
  736644.4450   336694.4440
  899519.4450   336705.5560
  973555.5560   336741.6670
  900994.4450   336741.6670
 1050900.0000   336772.2220
 1070472.2230   336794.4440
  753136.1110   336802.7780
 1124880.5560   336833.3330
 1036558.3340   336844.4440
 1050116.6670   336861.1110
 1125997.2230   336888.8890
  894888.8890   336888.8890
 1097194.4450   336938.8890
 1112755.5560   336950.0000
 1056469.4450   336986.1110
 1007602.7780   337038.8890
 1074550.0000   337066.6670
 1072147.2230   337072.2220
  742902.7780   337091.6670
  735338.8890   337091.6670
 1073813.8890   337122.2220
 1040980.5560   337133.3330
  752719.4450   337205.5560
 1063411.1110   337211.1110
  750991.6670   337213.8890
  988711.1110   337244.4440
 1009352.7780   337258.3330
 1043963.8890   337286.1110
 1042022.2230   337305.5560
 1065675.0000   337319.4440
 1087472.2230   337366.6670
 1064541.6670   337369.4440
  896505.5560   337372.2220
 1103886.1110   337380.5560
  750747.2230   337397.2220
  733827.7780   337413.8890
  743783.3340   337430.5560
 1061986.1110   337444.4440
 1053308.3340   337444.4440
  736197.2230   337455.5560
  743125.0000   337458.3330
  736613.8890   337458.3330
  745155.5560   337475.0000
 1046780.5560   337480.5560
 1070986.1110   337488.8890
 1056752.7780   337519.4440
 1120388.8890   337536.1110
 1072191.6670   337547.2220
  949502.7780   337555.5560
 1033777.7780   337569.4440
  731336.1110   337569.4440
  948175.0000   337591.6670
  734808.3340   337591.6670
 1043033.3340   337597.2220
  732983.3340   337669.4440
 1016783.3340   337688.8890
 1072194.4450   337713.8890
 1046727.7780   337733.3330
  735461.1110   337738.8890
 1071902.7780   337747.2220
 1050150.0000   337750.0000
 1007652.7780   337786.1110
  989950.0000   337788.8890
  750222.2230   337797.2220
 1071505.5560   337802.7780
  742588.8890   337825.0000
 1054841.6670   337833.3330
  745288.8890   337838.8890
  734025.0000   337855.5560
  937611.1110   337866.6670
  736344.4450   337877.7780
  731294.4450   337877.7780
 1095569.4450   337894.4440
 1072225.0000   337897.2220
 1071805.5560   337902.7780
 1006297.2230   337913.8890
 1090075.0000   337922.2220
  731725.0000   337922.2220
 1072805.5560   337936.1110
 1068261.1110   337938.8890
 1077733.3340   337947.2220
  730975.0000   338005.5560
  743416.6670   338013.8890
 1062980.5560   338025.0000
  981058.3340   338025.0000
  734944.4450   338025.0000
  734150.0000   338030.5560
 1073163.8890   338080.5560
 1072469.4450   338094.4440
 1009602.7780   338094.4440
  893233.3340   338111.1110
 1068522.2230   338125.0000
 1057252.7780   338136.1110
  990738.8890   338136.1110
 1046772.2230   338141.6670
  736744.4450   338144.4440
  927919.4450   338161.1110
 1103855.5560   338169.4440
  734502.7780   338169.4440
  932916.6670   338172.2220
 1120372.2230   338177.7780
 1047438.8890   338180.5560
 1069041.6670   338186.1110
  750972.2230   338200.0000
 1044005.5560   338247.2220
 1029430.5560   338250.0000
  749422.2230   338302.7780
 1042091.6670   338311.1110
  734147.2230   338313.8890
  732055.5560   338313.8890
 1096855.5560   338319.4440
  896441.6670   338322.2220
  795366.6670   338333.3330
  735730.5560   338352.7780
 1124386.1110   338358.3330
  731469.4450   338358.3330
  815230.5560   338369.4440
 1075858.3340   338388.8890
 1007605.5560   338388.8890
 1098247.2230   338452.7780
  734408.3340   338463.8890
  730991.6670   338491.6670
  949844.4450   338530.5560
 1004588.8890   338533.3330
  733536.1110   338536.1110
 1072694.4450   338544.4440
 1021752.7780   338552.7780
 1022022.2230   338555.5560
 1074666.6670   338572.2220
  760002.7780   338575.0000
 1068027.7780   338594.4440
  730880.5560   338622.2220
 1080777.7780   338627.7780
 1071500.0000   338650.0000
  734044.4450   338658.3330
 1087452.7780   338675.0000
  734894.4450   338675.0000
  898897.2230   338694.4440
  735622.2230   338702.7780
 1117311.1110   338708.3330
  736172.2230   338722.2220
  739211.1110   338752.7780
 1067244.4450   338755.5560
 1023094.4450   338755.5560
 1107936.1110   338766.6670
 1007594.4450   338780.5560
  739666.6670   338780.5560
  733705.5560   338816.6670
 1069722.2230   338838.8890
  730766.6670   338847.2220
  999950.0000   338869.4440
  731786.1110   338883.3330
  736744.4450   338886.1110
  733277.7780   338894.4440
 1073436.1110   338900.0000
 1114680.5560   338905.5560
 1039605.5560   338916.6670
 1071877.7780   338919.4440
  966605.5560   338955.5560
  732675.0000   338958.3330
  935505.5560   338966.6670
 1072033.3340   338980.5560
 1024875.0000   338983.3330
 1033522.2230   339016.6670
  734058.3340   339022.2220
  999877.7780   339055.5560
 1099391.6670   339077.7780
 1103819.4450   339102.7780
 1103508.3340   339108.3330
 1091930.5560   339133.3330
  929936.1110   339136.1110
 1099730.5560   339163.8890
 1069419.4450   339163.8890
  731350.0000   339163.8890
  986386.1110   339166.6670
  735875.0000   339166.6670
  891622.2230   339172.2220
  734755.5560   339172.2220
 1117425.0000   339175.0000
  730711.1110   339191.6670
 1111450.0000   339202.7780
  742088.8890   339202.7780
  983327.7780   339208.3330
 1134661.1110   339213.8890
 1066458.3340   339236.1110
 1071080.5560   339241.6670
 1054641.6670   339244.4440
  746111.1110   339255.5560
 1036694.4450   339288.8890
  745102.7780   339294.4440
  732761.1110   339302.7780
  735413.8890   339319.4440
  950583.3340   339344.4440
 1115538.8890   339352.7780
  943702.7780   339369.4440
  731350.0000   339380.5560
  971297.2230   339383.3330
 1052850.0000   339397.2220
  742438.8890   339400.0000
  733550.0000   339400.0000
 1072730.5560   339411.1110
  996433.3340   339427.7780
 1005416.6670   339441.6670
  976397.2230   339455.5560
 1071519.4450   339461.1110
 1011425.0000   339472.2220
  734022.2230   339472.2220
 1050138.8890   339480.5560
 1079519.4450   339491.6670
 1007188.8890   339508.3330
  928183.3340   339513.8890
  740913.8890   339533.3330
 1054447.2230   339547.2220
 1074986.1110   339561.1110
  992966.6670   339583.3330
  733022.2230   339605.5560
 1081086.1110   339608.3330
  735369.4450   339608.3330
  734458.3340   339608.3330
  749858.3340   339611.1110
  731344.4450   339616.6670
 1078900.0000   339650.0000
  733361.1110   339652.7780
 1104125.0000   339655.5560
 1035719.4450   339655.5560
 1082083.3340   339669.4440
  973183.3340   339672.2220
  732625.0000   339680.5560
  787577.7780   339686.1110
  745102.7780   339725.0000
 1131005.5560   339730.5560
  735822.2230   339761.1110
 1018111.1110   339766.6670
  733005.5560   339775.0000
  734547.2230   339791.6670
 1102502.7780   339813.8890
  732625.0000   339816.6670
  733908.3340   339830.5560
  917622.2230   339838.8890
 1029986.1110   339841.6670
  901494.4450   339844.4440
  999258.3340   339850.0000
  733022.2230   339866.6670
 1112783.3340   339875.0000
 1091886.1110   339875.0000
 1075886.1110   339886.1110
 1080608.3340   339897.2220
  951127.7780   339911.1110
 1021377.7780   339919.4440
 1077663.8890   339925.0000
  739711.1110   339925.0000
 1104125.0000   339933.3330
 1119163.8890   339958.3330
  740819.4450   339961.1110
 1135791.6670   339966.6670
 1056202.7780   339980.5560
  947672.2230   339986.1110
 1122869.4450   339997.2220
 1104516.6670   340005.5560
 1097144.4450   340013.8890
 1027313.8890   340016.6670
  963930.5560   340022.2220
 1064450.0000   340025.0000
 1073419.4450   340027.7780
 1014300.0000   340066.6670
  733822.2230   340094.4440
  959772.2230   340105.5560
  740027.7780   340116.6670
  906650.0000   340119.4440
  911850.0000   340122.2220
  737986.1110   340122.2220
  932547.2230   340130.5560
 1076588.8890   340136.1110
 1054800.0000   340141.6670
 1047397.2230   340144.4440
 1010550.0000   340147.2220
  953441.6670   340172.2220
  962205.5560   340186.1110
 1104966.6670   340191.6670
  729963.8890   340194.4440
  935294.4450   340200.0000
  735380.5560   340200.0000
  736222.2230   340202.7780
  730911.1110   340211.1110
 1053980.5560   340216.6670
 1071250.0000   340230.5560
 1068711.1110   340233.3330
  733155.5560   340238.8890
 1037283.3340   340252.7780
 1051605.5560   340261.1110
  956177.7780   340272.2220
  967477.7780   340291.6670
  925680.5560   340291.6670
  744444.4450   340336.1110
  741738.8890   340338.8890
 1135927.7780   340350.0000
  971455.5560   340377.7780
 1007419.4450   340444.4440
  735438.8890   340452.7780
 1064305.5560   340455.5560
 1039369.4450   340469.4440
  749066.6670   340469.4440
  742263.8890   340483.3330
 1074152.7780   340513.8890
  734408.3340   340519.4440
  732438.8890   340522.2220
 1105252.7780   340536.1110
 1062316.6670   340536.1110
  737352.7780   340552.7780
 1125961.1110   340561.1110
  845958.3340   340583.3330
 1114150.0000   340600.0000
  964836.1110   340600.0000
 1047191.6670   340605.5560
  977969.4450   340622.2220
  733972.2230   340625.0000
  733647.2230   340625.0000
  738366.6670   340633.3330
 1083611.1110   340636.1110
 1105283.3340   340638.8890
  896433.3340   340641.6670
 1068097.2230   340658.3330
  889627.7780   340677.7780
  932963.8890   340680.5560
  735486.1110   340686.1110
  734600.0000   340686.1110
 1030955.5560   340700.0000
  740916.6670   340702.7780
 1054533.3340   340722.2220
  816302.7780   340736.1110
  730872.2230   340736.1110
  741738.8890   340738.8890
  989313.8890   340750.0000
 1071925.0000   340752.7780
  734147.2230   340805.5560
 1070752.7780   340808.3330
 1048955.5560   340813.8890
  735266.6670   340852.7780
 1103033.3340   340858.3330
 1028644.4450   340888.8890
  735972.2230   340900.0000
  731258.3340   340900.0000
  947152.7780   340902.7780
 1088908.3340   340922.2220
  740525.0000   340922.2220
  733605.5560   340952.7780
  733816.6670   340961.1110
  737677.7780   340966.6670
  738391.6670   340975.0000
  929163.8890   340977.7780
  737197.2230   341008.3330
 1069672.2230   341013.8890
  736416.6670   341030.5560
  736808.3340   341066.6670
  735522.2230   341069.4440
  734297.2230   341072.2220
 1086194.4450   341111.1110
  821958.3340   341111.1110
 1027750.0000   341161.1110
  733372.2230   341161.1110
  842433.3340   341166.6670
 1001102.7780   341172.2220
  974702.7780   341191.6670
  750416.6670   341191.6670
 1074822.2230   341205.5560
  984330.5560   341208.3330
  741844.4450   341213.8890
  733811.1110   341213.8890
  900455.5560   341244.4440
  815497.2230   341258.3330
  952236.1110   341266.6670
  742788.8890   341283.3330
  822013.8890   341333.3330
  735800.0000   341336.1110
 1136047.2230   341344.4440
 1115466.6670   341347.2220
  751744.4450   341347.2220
  754333.3340   341355.5560
  736222.2230   341361.1110
  735102.7780   341394.4440
  734522.2230   341397.2220
 1034980.5560   341422.2220
 1040844.4450   341463.8890
  735166.6670   341469.4440
  733430.5560   341477.7780
  722925.0000   341477.7780
  734886.1110   341480.5560
 1126097.2230   341486.1110
  771983.3340   341500.0000
 1018552.7780   341513.8890
 1058077.7780   341519.4440
  741433.3340   341541.6670
  922219.4450   341544.4440
  815138.8890   341544.4440
  728352.7780   341602.7780
  734347.2230   341616.6670
 1066866.6670   341650.0000
  934894.4450   341669.4440
 1114238.8890   341686.1110
  726500.0000   341705.5560
 1013491.6670   341733.3330
 1069852.7780   341738.8890
  943433.3340   341741.6670
 1046430.5560   341747.2220
 1094625.0000   341750.0000
  942241.6670   341752.7780
 1120858.3340   341780.5560
 1091075.0000   341780.5560
  938944.4450   341783.3330
 1136388.8890   341791.6670
  893525.0000   341833.3330
 1075613.8890   341850.0000
  946063.8890   341858.3330
  881527.7780   341861.1110
 1063119.4450   341866.6670
  945025.0000   341872.2220
  733563.8890   341897.2220
 1027669.4450   341941.6670
 1117238.8890   341952.7780
 1093247.2230   341952.7780
  723105.5560   341975.0000
 1009158.3340   342000.0000
 1053202.7780   342005.5560
 1012033.3340   342016.6670
 1043052.7780   342022.2220
 1080294.4450   342038.8890
 1084558.3340   342047.2220
 1122319.4450   342055.5560
 1073463.8890   342072.2220
 1136900.0000   342083.3330
 1136427.7780   342091.6670
 1099533.3340   342091.6670
 1135997.2230   342102.7780
  897969.4450   342116.6670
 1028222.2230   342133.3330
  724500.0000   342163.8890
 1009447.2230   342177.7780
 1112380.5560   342180.5560
 1058788.8890   342200.0000
 1135416.6670   342255.5560
 1038652.7780   342263.8890
  887633.3340   342263.8890
 1107972.2230   342272.2220
 1076022.2230   342275.0000
  994836.1110   342283.3330
  928025.0000   342283.3330
  801622.2230   342308.3330
  958666.6670   342311.1110
  723150.0000   342322.2220
  939991.6670   342330.5560
  890763.8890   342330.5560
 1123377.77